   1.69989,  22.68287,   0.44390
   1.32841,  32.87340,   0.54140
   1.14245,  37.59719,   0.54260
   1.04079,  40.14578,   0.61590
   0.97544,  41.64066,   0.61140
   0.91992,  42.97954,   0.60900
   0.87626,  43.98210,   0.63800
   0.83453,  45.13427,   0.68790
   0.78453,  46.34911,   0.63990
   0.74760,  47.24169,   0.71540
   0.72841,  47.69821,   0.69490
   0.69889,  48.41432,   0.74550
   0.67742,  48.86573,   0.71290
   0.65739,  49.39258,   0.76960
   0.63795,  49.77366,   0.74830
   0.62838,  49.99488,   0.75150
   0.62266,  50.22762,   0.73830
   0.60675,  50.50767,   0.73030
   0.59409,  50.85934,   0.78240
   0.58592,  50.98082,   0.76060
   0.58285,  51.03708,   0.78500
   0.57025,  51.32097,   0.75990
   0.56688,  51.36701,   0.73040
   0.55397,  51.81074,   0.72400
   0.55319,  51.59463,   0.79480
   0.54720,  51.80435,   0.77890
   0.53925,  51.96292,   0.76850
   0.53726,  52.16880,   0.81040
   0.53194,  52.23146,   0.78360
   0.52297,  52.41304,   0.78680
   0.52763,  52.45652,   0.81210
   0.51972,  52.37212,   0.76620
   0.51722,  52.55882,   0.79160
   0.51526,  52.62404,   0.77130
   0.50979,  52.65985,   0.81100
   0.50382,  52.84655,   0.74240
   0.50636,  52.92967,   0.76700
   0.50513,  52.78005,   0.75310
   0.50243,  52.87852,   0.79360
   0.49323,  53.09591,   0.73790
   0.50201,  52.87340,   0.77220
   0.49159,  53.02302,   0.76390
   0.48650,  53.19181,   0.79410
   0.48909,  53.19949,   0.78370
   0.48615,  53.25064,   0.80730
   0.48581,  53.22123,   0.81010
   0.48192,  53.24553,   0.82000
   0.48294,  53.30435,   0.80100
   0.48608,  53.23529,   0.80650
   0.47711,  53.45652,   0.80180
   0.48039,  53.33632,   0.81080
   0.47358,  53.59974,   0.81450
   0.47258,  53.44757,   0.79960
   0.47624,  53.45652,   0.80990
   0.47173,  53.44246,   0.80280
   0.46640,  53.71355,   0.79200
   0.46407,  53.74553,   0.76220
   0.47099,  53.58056,   0.81510
   0.47073,  53.50767,   0.79790
   0.46173,  53.76215,   0.78430
   0.45978,  53.84143,   0.80180
   0.46643,  53.64194,   0.78220
   0.46306,  53.71739,   0.75830
   0.46311,  53.80690,   0.77400
   0.46289,  53.69437,   0.81170
   0.46061,  53.77877,   0.82240
   0.45960,  53.85422,   0.81490
   0.45159,  53.99361,   0.79210
   0.46036,  53.83760,   0.81480
   0.45911,  53.66368,   0.82930
   0.45155,  54.06650,   0.73220
   0.44624,  54.09719,   0.78370
   0.45765,  53.85038,   0.82730
   0.45618,  53.86829,   0.78070
   0.44731,  53.97954,   0.75470
   0.45410,  53.80690,   0.81340
   0.45467,  53.90154,   0.82670
   0.44854,  53.96675,   0.77950
   0.44388,  54.19181,   0.80590
   0.44887,  54.00128,   0.79360
   0.29805,  57.49488,   0.89190
   0.25964,  58.31586,   0.89320
   0.24283,  58.62660,   0.89890
   0.23475,  58.82992,   0.90100
   0.22633,  58.99616,   0.89660
   0.22031,  59.02557,   0.90150
   0.21657,  59.22251,   0.90090
   0.21551,  59.25320,   0.90400
   0.20710,  59.45269,   0.90040
   0.20299,  59.40921,   0.90420
   0.19969,  59.55499,   0.90430
   0.19619,  59.61253,   0.90100
   0.19455,  59.61765,   0.90220
   0.19162,  59.71867,   0.90460
   0.18976,  59.74424,   0.90080
   0.19010,  59.70844,   0.90110
   0.18514,  59.83248,   0.90520
   0.18100,  59.94118,   0.90360
   0.17931,  59.97314,   0.90660
   0.17568,  60.06266,   0.90020
   0.17347,  60.12660,   0.90500
   0.17251,  60.12276,   0.90370
   0.17330,  60.05754,   0.90300
   0.17117,  60.13555,   0.90490
   0.16941,  60.09463,   0.90060
   0.16798,  60.26982,   0.89750
   0.16712,  60.25320,   0.90450
   0.16385,  60.23018,   0.90460
   0.16393,  60.29412,   0.90290
   0.16166,  60.30819,   0.90220
   0.16353,  60.36829,   0.90330
   0.16025,  60.35678,   0.90310
   0.16018,  60.33887,   0.90180
   0.15822,  60.37596,   0.89730
   0.15793,  60.41816,   0.89850
   0.15687,  60.39898,   0.90450
   0.15706,  60.38619,   0.89950
   0.15841,  60.43862,   0.89830
   0.15554,  60.41944,   0.90420
   0.15466,  60.48210,   0.89960
   0.12727,  61.15473,   0.90980
   0.11271,  61.53836,   0.91110
   0.10911,  61.63044,   0.91240
   0.10703,  61.66113,   0.91300
   0.10579,  61.72123,   0.91310
   0.10686,  61.69437,   0.91290
   0.10630,  61.69054,   0.91170
   0.10313,  61.78005,   0.91390
   0.10360,  61.72251,   0.91380
   0.10269,  61.78900,   0.91290
   0.10180,  61.78900,   0.91400
   0.09942,  61.79668,   0.91400
   0.09921,  61.82737,   0.91470
   0.10092,  61.86445,   0.91380
   0.09778,  61.88747,   0.91330
   0.09810,  61.86701,   0.91360
   0.09692,  61.88875,   0.91450
   0.09684,  61.88107,   0.91390
   0.09483,  61.94246,   0.91270
   0.09649,  61.89514,   0.91340
   0.09512,  61.92327,   0.91190
   0.09447,  61.89130,   0.91410
   0.09339,  61.93095,   0.91490
   0.09406,  61.97314,   0.91400
   0.09287,  61.98465,   0.91280
   0.09501,  61.92072,   0.91280
   0.09273,  61.99488,   0.91390
   0.09270,  62.01406,   0.91430
   0.08973,  62.08696,   0.91390
   0.09134,  61.99616,   0.91380
   0.09049,  62.00000,   0.91360
   0.09018,  62.02557,   0.91280
   0.09008,  62.03708,   0.91340
   0.08990,  62.05115,   0.91340
   0.08968,  62.03197,   0.91100
   0.08742,  62.12276,   0.91390
   0.08731,  62.14066,   0.91380
   0.08858,  62.11125,   0.91530
   0.08735,  62.11893,   0.91170
   0.08708,  62.09846,   0.91300
   0.91530,   0.00000,   0.00000
