   0.19721,  59.56905,   0.90360
   0.17357,  60.11381,   0.90500
   0.16790,  60.20716,   0.90840
   0.16122,  60.49105,   0.90790
   0.16016,  60.42583,   0.90820
   0.15696,  60.49744,   0.90850
   0.15377,  60.56522,   0.90960
   0.15432,  60.63811,   0.90990
   0.15298,  60.60358,   0.90870
   0.15070,  60.67647,   0.90800
   0.15270,  60.63171,   0.90880
   0.14744,  60.71611,   0.90840
   0.14648,  60.81458,   0.90980
   0.14848,  60.70461,   0.91040
   0.14701,  60.76087,   0.91000
   0.14641,  60.77877,   0.91070
   0.14699,  60.76982,   0.91030
   0.14646,  60.74553,   0.91100
   0.14366,  60.85166,   0.91240
   0.14213,  60.82737,   0.91040
   0.14193,  60.89258,   0.90930
   0.14037,  60.90154,   0.91140
   0.14120,  60.91304,   0.91030
   0.14147,  60.79795,   0.91110
   0.14018,  60.95013,   0.91120
   0.13695,  61.01918,   0.91090
   0.13680,  60.96036,   0.91100
   0.13716,  60.92839,   0.91160
   0.13803,  60.96036,   0.91260
   0.13947,  60.91432,   0.91160
   0.13684,  60.96036,   0.91080
   0.13505,  60.99361,   0.91170
   0.13582,  60.96036,   0.90990
   0.13481,  60.98594,   0.91040
   0.13643,  60.91816,   0.91050
   0.13426,  60.96164,   0.91180
   0.13496,  61.02941,   0.91150
   0.13448,  60.96420,   0.91070
   0.13303,  61.04987,   0.91180
   0.13376,  61.07289,   0.91210
   0.13140,  61.09719,   0.91070
   0.13335,  60.97187,   0.91220
   0.13023,  61.08952,   0.91250
   0.13020,  61.13299,   0.91080
   0.13005,  61.07289,   0.91170
   0.12910,  61.12276,   0.91090
   0.12749,  61.18414,   0.90990
   0.12818,  61.06138,   0.91210
   0.12699,  61.19437,   0.91310
   0.12548,  61.18670,   0.91180
   0.12763,  61.12148,   0.91140
   0.12728,  61.13811,   0.91250
   0.12471,  61.22379,   0.91410
   0.12478,  61.25192,   0.91150
   0.12572,  61.12276,   0.91070
   0.12554,  61.17647,   0.91290
   0.12378,  61.27621,   0.91130
   0.12196,  61.31202,   0.91120
   0.12375,  61.18670,   0.90920
   0.12339,  61.28261,   0.91120
   0.12448,  61.21995,   0.91340
   0.12315,  61.26343,   0.91220
   0.12376,  61.22890,   0.91190
   0.12280,  61.28261,   0.91150
   0.12189,  61.25576,   0.91150
   0.12104,  61.33248,   0.91070
   0.12210,  61.24553,   0.91090
   0.11901,  61.33248,   0.91280
   0.11824,  61.36829,   0.91000
   0.11791,  61.32992,   0.91240
   0.11960,  61.37468,   0.91010
   0.11827,  61.41304,   0.91180
   0.11795,  61.37212,   0.91040
   0.11855,  61.31458,   0.91190
   0.11547,  61.40154,   0.91270
   0.11669,  61.40281,   0.91180
   0.11900,  61.33376,   0.91100
   0.11490,  61.47954,   0.91060
   0.11561,  61.45269,   0.91160
   0.11719,  61.38107,   0.91260
   0.11461,  61.42199,   0.91010
   0.11141,  61.52686,   0.91030
   0.11274,  61.46803,   0.91070
   0.11462,  61.40409,   0.91160
   0.11422,  61.50512,   0.90920
   0.11206,  61.50767,   0.91290
   0.11314,  61.45780,   0.91180
   0.11157,  61.49616,   0.91250
   0.11227,  61.48977,   0.90890
   0.11174,  61.47443,   0.91300
   0.11069,  61.53069,   0.91300
   0.11041,  61.52557,   0.91250
   0.11117,  61.53580,   0.91230
   0.10959,  61.56905,   0.91150
   0.11073,  61.57417,   0.91260
   0.10904,  61.58823,   0.91210
   0.10916,  61.55115,   0.91180
   0.11079,  61.48977,   0.91430
   0.11003,  61.58952,   0.91120
   0.10952,  61.57673,   0.91170
   0.10709,  61.57417,   0.90840
   0.10737,  61.61125,   0.91200
   0.10682,  61.59335,   0.91180
   0.10762,  61.64578,   0.91090
   0.10685,  61.59846,   0.91140
   0.10602,  61.60486,   0.91140
   0.10817,  61.56650,   0.91040
   0.10558,  61.71483,   0.91220
   0.10643,  61.65345,   0.91100
   0.10668,  61.64066,   0.91030
   0.10491,  61.65729,   0.91240
   0.10703,  61.59335,   0.91020
   0.10547,  61.65473,   0.91030
   0.10243,  61.68926,   0.91360
   0.10403,  61.64066,   0.91230
   0.10432,  61.68031,   0.91220
   0.10245,  61.71995,   0.91120
   0.10405,  61.69949,   0.91130
   0.10205,  61.70077,   0.91090
   0.10328,  61.64194,   0.90940
   0.10045,  61.80435,   0.91010
   0.10257,  61.65217,   0.90910
   0.09915,  61.80051,   0.91030
   0.10233,  61.69181,   0.90790
   0.09930,  61.77494,   0.91160
   0.10030,  61.75959,   0.91090
   0.10019,  61.77238,   0.91100
   0.09999,  61.72251,   0.91130
   0.09920,  61.71100,   0.91190
   0.09721,  61.77621,   0.91100
   0.09925,  61.77749,   0.91080
   0.09899,  61.77749,   0.91110
   0.10080,  61.72762,   0.91060
   0.09924,  61.82609,   0.90960
   0.09634,  61.84527,   0.91160
   0.09777,  61.87340,   0.90940
   0.09862,  61.84271,   0.91040
   0.09878,  61.76982,   0.91100
   0.09602,  61.87085,   0.91090
   0.09737,  61.85294,   0.90930
   0.09540,  61.87212,   0.91150
   0.09411,  61.87980,   0.91180
   0.09532,  61.96803,   0.90890
   0.09465,  61.90154,   0.91200
   0.09488,  61.89386,   0.91280
   0.09727,  61.76982,   0.91040
   0.09470,  61.88747,   0.90940
   0.09400,  61.85294,   0.91090
   0.09285,  61.96164,   0.91000
   0.09343,  61.91304,   0.91160
   0.09215,  61.96931,   0.91170
   0.09103,  61.96803,   0.91130
   0.09069,  61.95141,   0.91210
   0.09335,  61.95780,   0.91070
   0.09337,  61.97187,   0.91140
   0.09450,  61.85166,   0.91050
   0.09365,  61.90281,   0.91140
   0.09122,  62.02046,   0.91080
   0.09109,  61.98338,   0.90940
   0.08978,  61.97826,   0.91070
   0.91430,   0.00000,   0.00000
